20 18 100
1 3
1 5
1 7
1 9
1 13
1 16
1 19
2 1
2 4
2 7
2 14
2 17
3 2
3 6
3 8
3 14
3 18
4 1
4 3
4 6
4 8
4 11
4 13
5 1
5 3
5 5
5 8
5 10
5 12
5 15
5 19
6 2
6 5
6 8
6 10
6 13
6 15
6 19
7 3
7 6
7 9
7 12
7 15
7 17
7 19
8 1
8 4
8 6
8 9
8 11
8 14
8 17
9 3
9 6
9 9
9 11
9 14
9 16
9 19
10 1
10 3
10 7
10 12
10 15
10 19
11 1
11 4
11 10
11 18
12 2
12 4
12 6
12 8
12 16
13 1
13 7
13 9
13 11
13 13
13 15
13 18
14 5
14 7
14 10
14 12
14 14
14 18
15 3
15 7
15 9
15 12
15 14
15 17
15 19
16 1
16 6
16 8
16 10
16 13
16 15
